circle
250 250 0 200
circle
175 325 0 50
circle
325 325 0 50
circle
175 325 0 10
circle
325 325 0 10
hermite
150 150 350 150 0 -100 0 150
bezier
200 250 150 50 300 250 300 250
ident
scale
0.25 0.25 1
move
425 425 0
apply

circle
100 100 0 7
circle
200 150 0 7
circle
300 100 0 7
circle
400 150 0 7
circle
100 0 0 7
circle
200 50 0 7
circle
300 0 0 7
circle
400 50 0 7

bezier
90 250 60 260 60 280 90 310
bezier
80 295 90 335 120 355 150 345
bezier
125 340 150 360 200 375 225 350
bezier
200 350 225 375 275 375 300 350
bezier
275 350 300 375 350 360 375 340
bezier
350 345 370 355 400 335 410 295
bezier
400 310 430 280 430 260 400 250
bezier
80 260 90 230 120 210 150 220
bezier
125 220 150 200 200 185 225 210
bezier
200 210 225 185 275 185 300 210
bezier
275 210 300 185 350 200 375 220
bezier
350 220 370 210 400 230 410 260
hermite
175 250 325 250 0 -100 0 100
line
210 325 0 210 275 0
line
290 325 0 290 275 0
display
save
pic.png
